AP01 	29.0 	61.0 	43.8926174497 	7.76858321029
AP02 	20.0 	59.0 	38.6375838926 	7.42950291914
AP03 	57.0 	93.0 	72.6845637584 	8.05025094304
AP04 	28.0 	65.0 	44.4362416107 	9.220142924
AP05 	22.0 	62.0 	35.8791946309 	9.8143250676
AP06 	35.0 	70.0 	51.1543624161 	7.83874804431
AP07 	30.0 	62.0 	42.0872483221 	7.2249872956
AP08 	26.0 	61.0 	40.8724832215 	8.68253557637
AP09 	29.0 	68.0 	46.5100671141 	8.52522309705
AP10 	44.0 	79.0 	58.3154362416 	8.2308041868
AP11 	28.0 	72.0 	48.033557047 	8.39656058332
AP12 	37.0 	65.0 	48.3825503356 	7.90174334297
AP13 	63.0 	100.0 	74.1812080537 	5.827559715
AP14 	38.0 	75.0 	50.3087248322 	7.48770744644
AP15 	36.0 	67.0 	49.5436241611 	7.66188441387
AP16 	48.0 	78.0 	62.2483221477 	6.50029017449
AP17 	49.0 	79.0 	60.4026845638 	6.74354721454
AP18 	47.0 	100.0 	59.9463087248 	10.271342315
AP19 	38.0 	72.0 	54.355704698 	7.59377511364
