DEVICE 2,A015,-59.0,-58.0,-90.0,-71.0,-67.0,-64.0,-51.0,-52.0,-60.0,-56,-46.0,-47.0,-79.0,-48.0,-56.0,-64.0,-63.0,-59.0,-62.0
DEVICE 2,A010,-57.0,-54.0,-84.0,-61.0,-63.0,-62.0,-47.0,-41.0,-52.0,-59,-44.0,,-73.0,-49.0,-51.0,-71.0,-57.0,-62.0,-52.0
DEVICE 2,A010,-62.0,-52.0,-91.0,-58.0,-64.0,-60.0,-49.0,-42.0,-53.0,-66,-42.0,-53.0,-76.0,-57.0,-48.0,-59.0,-65.0,-60.0,-57.0
DEVICE 2,A031,-69.0,-68.0,-90.0,-72.0,-78.0,-65.0,-64.0,-61.0,-68.0,-74,-59.0,-63.0,-82.0,-56.0,-61.0,-66.0,-53.0,-62.0,-53.0
DEVICE 1,A033Front,-60.0,-50.0,-83.0,-55.0,-67.0,-54.0,-46.0,-45.0,-51.0,-59,-53.0,-51.0,-76.0,-41.0,-42.0,-48.0,-37.0,-47.0,-52.0
DEVICE 3,A003,-46.0,-40.0,-75.0,-49.0,-42.0,-48.0,-41.0,-34.0,-39.0,-57,-46.0,-50.0,-77.0,-51.0,-45.0,-66.0,-54.0,-59.0,-51.0
DEVICE 1,A010,-41.0,-38.0,-70.0,-38.0,-45.0,-43.0,-27.0,-30.0,-37.0,-47,-27.0,-31.0,-63.0,-37.0,-49.0,-51.0,-53.0,-48.0,-40.0
DEVICE 1,A023,-39.0,-42.0,-74.0,-50.0,-47.0,-46.0,-37.0,-38.0,-48.0,-44,-31.0,-40.0,-62.0,-30.0,-38.0,-37.0,-41.0,-39.0,-45.0
DEVICE 2,A007,-51.0,-52.0,-81.0,-65.0,-64.0,-56.0,-35.0,-39.0,-59.0,-60,-57.0,-56.0,-73.0,-59.0,-67.0,-62.0,-64.0,-60.0,-64.0
DEVICE 2,A016,-46.0,-51.0,-75.0,-59.0,-56.0,-45.0,-39.0,-41.0,-47.0,-45,-47.0,-25.0,-59.0,-43.0,-49.0,-41.0,-52.0,-36.0,-48.0
DEVICE 2,A012,-43.0,-40.0,-82.0,-51.0,-52.0,-51.0,-37.0,-38.0,-28.0,-56,-37.0,-42.0,-68.0,-45.0,-41.0,-63.0,-57.0,-55.0,-45.0
DEVICE 1,A022,-46.0,-57.0,-84.0,-50.0,-52.0,-45.0,-41.0,-38.0,-48.0,-60,-37.0,-33.0,-62.0,-39.0,-44.0,-50.0,-46.0,-43.0,-46.0
DEVICE 2,A010,-56.0,-53.0,-91.0,-64.0,-57.0,-59.0,-60.0,-47.0,-53.0,-61,-46.0,-59.0,-77.0,-58.0,-47.0,-67.0,-59.0,-60.0,-53.0
DEVICE 1,A006,-35.0,-46.0,-68.0,-52.0,-52.0,-40.0,-29.0,-32.0,-45.0,-37,-40.0,-26.0,-54.0,-40.0,-51.0,-56.0,-56.0,-42.0,-51.0
DEVICE 3,A033Parking,-68.0,-67.0,-92.0,-74.0,-81.0,-66.0,-57.0,-66.0,-69.0,-71,-67.0,-54.0,-82.0,-63.0,-70.0,-71.0,-74.0,-62.0,-62.0
DEVICE 3,A019,-42.0,-52.0,-75.0,-53.0,-58.0,-48.0,-32.0,-35.0,-48.0,-43,-45.0,-34.0,-53.0,-37.0,-43.0,-35.0,-50.0,-37.0,-47.0
DEVICE 1,A004,-36.0,-40.0,-59.0,-41.0,-41.0,-25.0,-29.0,-37.0,-44.0,-44,-40.0,-35.0,-69.0,-45.0,-47.0,-56.0,-56.0,-46.0,-53.0
DEVICE 3,A033Parking,-60.0,-58.0,-87.0,-75.0,-80.0,-59.0,-53.0,-52.0,-64.0,-62,-58.0,-51.0,-68.0,-60.0,-63.0,-61.0,-64.0,-47.0,-62.0
DEVICE 2,A033Front,-69.0,-62.0,-91.0,-71.0,-72.0,-62.0,-54.0,-54.0,-66.0,-69,-58.0,-58.0,-76.0,-52.0,-52.0,-59.0,-50.0,-55.0,-59.0
DEVICE 1,A022,-52.0,-39.0,-83.0,-49.0,-54.0,-50.0,-31.0,-26.0,-41.0,-41,-38.0,-40.0,-57.0,-28.0,-48.0,-46.0,-43.0,-44.0,-45.0
DEVICE 3,A011,-54.0,-52.0,-85.0,-49.0,-54.0,-54.0,-46.0,-46.0,-33.0,-59,-39.0,-50.0,-74.0,-46.0,-39.0,-62.0,-59.0,-59.0,-44.0
DEVICE 2,A014,-57.0,-59.0,-88.0,-62.0,-70.0,-54.0,-51.0,-53.0,-59.0,-59,-52.0,-49.0,-73.0,-63.0,-60.0,-65.0,-71.0,-66.0,-72.0
DEVICE 2,A025,-60.0,-66.0,,-68.0,-76.0,-63.0,-57.0,-52.0,-70.0,-71,-55.0,-65.0,-77.0,-59.0,-58.0,-57.0,-55.0,-58.0,-52.0
DEVICE 2,A011,-57.0,-62.0,-92.0,-71.0,-59.0,-60.0,-51.0,-53.0,-47.0,-70,-49.0,-63.0,-82.0,-57.0,-54.0,-71.0,-67.0,-67.0,-71.0
DEVICE 1,A006,-36.0,-37.0,-71.0,-45.0,-59.0,-48.0,-22.0,-26.0,-46.0,-33,-36.0,-33.0,-63.0,-29.0,-36.0,-51.0,-51.0,-38.0,-50.0
DEVICE 3,A016,-48.0,-51.0,-72.0,-58.0,-63.0,-41.0,-39.0,-44.0,-47.0,-46,-47.0,-24.0,-68.0,-42.0,-50.0,-46.0,-52.0,-41.0,-56.0
DEVICE 1,A030,-47.0,-61.0,-85.0,-69.0,-67.0,-53.0,-49.0,-54.0,-53.0,-56,-55.0,-43.0,-75.0,-46.0,-45.0,-41.0,-52.0,-33.0,-48.0
DEVICE 1,A019,-54.0,-42.0,-73.0,-50.0,-51.0,-40.0,-28.0,-37.0,-48.0,-40,-34.0,-33.0,-46.0,-40.0,-43.0,-41.0,-53.0,-43.0,-48.0
DEVICE 2,A020,-59.0,-61.0,-88.0,-69.0,-74.0,-56.0,-54.0,-47.0,-70.0,-51,-63.0,-55.0,-74.0,-49.0,-62.0,-50.0,-64.0,-61.0,-65.0
DEVICE 1,A012,-45.0,-43.0,-76.0,-55.0,-47.0,-53.0,-44.0,-36.0,-31.0,-45,-28.0,-40.0,-70.0,-33.0,-31.0,-54.0,-56.0,-48.0,-40.0
DEVICE 2,A031,-64.0,-71.0,-90.0,-73.0,-79.0,-64.0,-59.0,-54.0,-68.0,-69,-66.0,-57.0,-73.0,-58.0,-60.0,-66.0,-58.0,-58.0,-53.0
DEVICE 2,A004,-50.0,-63.0,-84.0,-63.0,-64.0,-53.0,-47.0,-50.0,-60.0,-68,-63.0,-35.0,-77.0,-57.0,-60.0,-66.0,-71.0,-54.0,-66.0
DEVICE 2,A025,-58.0,-54.0,-85.0,-63.0,-75.0,-64.0,-49.0,-45.0,-67.0,-57,-59.0,-55.0,-75.0,-49.0,-61.0,-63.0,-62.0,-59.0,-66.0
DEVICE 1,A016,-46.0,-52.0,-75.0,-57.0,-64.0,-36.0,-39.0,-42.0,-52.0,-47,-54.0,-22.0,-69.0,-44.0,-51.0,-45.0,-47.0,-34.0,-44.0
DEVICE 3,A020,-45.0,-50.0,-84.0,-48.0,-54.0,-47.0,-43.0,-41.0,-45.0,-54,-38.0,-38.0,-55.0,-45.0,-41.0,-56.0,-54.0,-46.0,-49.0
DEVICE 2,A005,-57.0,-66.0,-87.0,-65.0,-68.0,-60.0,-48.0,-47.0,-64.0,-59,-60.0,-46.0,-75.0,-59.0,-70.0,-67.0,-74.0,-64.0,-70.0
DEVICE 3,A009,-49.0,-39.0,-81.0,-53.0,-58.0,-49.0,-38.0,-30.0,-48.0,-48,-29.0,-44.0,-71.0,-36.0,-36.0,-52.0,-41.0,-48.0,-44.0
DEVICE 1,A001,-33.0,-32.0,-62.0,-37.0,-39.0,-39.0,-32.0,-38.0,-50.0,-48,-40.0,-42.0,-69.0,-45.0,-47.0,-61.0,-58.0,-53.0,-56.0
DEVICE 3,A018,-38.0,-50.0,-70.0,-57.0,-54.0,-34.0,-32.0,-34.0,-49.0,-34,-55.0,-30.0,-57.0,-43.0,-46.0,-52.0,-52.0,-55.0,-48.0
DEVICE 3,A013,-45.0,-45.0,-74.0,-54.0,-54.0,-46.0,-30.0,-36.0,-55.0,-38,-43.0,-39.0,-63.0,-39.0,-42.0,-53.0,-56.0,-53.0,-56.0
